((("img" .
	 [0 0 1])
	("as.Date.defaults" .
	 [0 0 1 0 0 0 0 0 0 0 0 0 0 0 0 0])
	("as.dist" .
	 [0 0 1 0 0 0 0])
	("as.list" .
	 [1 0 0 0 0 0 0])
	("as.numeric" .
	 [0 0 0 4 0 0 1 0 0 1])
	("mean" .
	 [0 1 0 1])
	("t" .
	 [1])
	("function" .
	 [3 0 0 0 0 0 0 1])
	("Freesurfer" .
	 [1 0 0 0 0 0 0 0 0 0])
	("Command" .
	 [0 0 0 1 0 0 0])
	("functional" .
	 [1 0 0 0 0 0 0 0 0 0])
	("as.null" .
	 [0 0 0 0 0 1 0])
	("hdr" .
	 [0 1 0])
	("head" .
	 [0 0 4 2])
	("/head" .
	 [0 0 1 0 0])
	("body" .
	 [0 0 1 0])
	("/body" .
	 [0 0 0 1 0])
	("sect" .
	 [0 0 0 1])
	("style" .
	 [0 0 0 1 0])))
